{
 "cells": [
  {
   "cell_type": "code",
   "execution_count": null,
   "id": "a9a83612",
   "metadata": {},
   "outputs": [
    {
     "name": "stdout",
     "output_type": "stream",
     "text": [
      "{'data': [{'nodo': 'parking', 'nombre': 'ES08191 Rubi', 'direccion': 'Ctra. Molins de Rei, 251, Km. 8, 08191 Rubí, Barcelona', 'coordenadas': (41.46930679260032, 2.029808746545829), 'w': 0}, {'nodo': 'carga', 'nombre': 'ES08840 Viladecans', 'direccion': 'Av. del Segle XXI, 63, 08840 Viladecans, Barcelona', 'coordenadas': (41.3207455, 2.0347543), 'w': 0}, {'nodo': 'carga', 'nombre': 'ES08272 Sant Fruitós de Bages', 'direccion': 'Carrer Sakura, 16B, NAVE 16A, 08272 Sant Fruitós de Bages, Barcelona', 'coordenadas': (41.77803590470732, 1.867141253552206), 'w': 0}, {'nodo': 'carga', 'nombre': 'ES08650 Sallent', 'direccion': \"Avinguda Can Montcau, 1-3-5, 08186 Lliçà d'Amunt, Barcelona\", 'coordenadas': (41.60289038509304, 2.2569771240231096), 'w': 0}, {'nodo': 'carga', 'nombre': 'ES08186 Lliça de Amunt', 'direccion': \"Carrer d'Anselm Clavé, 62 AB, 08186 Lliçà d'Amunt, Barcelona\", 'coordenadas': (41.6230442, 2.2365817), 'w': 0}, {'nodo': 'descarga', 'nombre': 'ES08040 Barcelona', 'direccion': 'DHL FREIGHT SPAIN S.L, C/ Atlantic 109-111  (ZAL)', 'coordenadas': (41.548266507563135, 2.1687455645705684), 'w': 0}, {'nodo': 'cargador', 'nombre': 'IONITY Palleja', 'direccion': 'Ronda de Santa Eulàlia, 31, 08780 Pallejà, Barcelona', 'coordenadas': (41.4202499, 2.0019645), 'w': 183.0}, {'nodo': 'cargador', 'nombre': 'IONITY Barcera del Valles', 'direccion': '', 'coordenadas': (41.51182358577195, 2.1345502627626303), 'w': 183.0}, {'nodo': 'cargador', 'nombre': 'IONITY Montcada i Reixac', 'direccion': '', 'coordenadas': (41.491422605263075, 2.1823508377517684), 'w': 183.0}, {'nodo': 'cargador', 'nombre': 'Atlante - Nieves Zona Franca', 'direccion': '', 'coordenadas': (41.33194049366559, 2.134952349708804), 'w': 192.0}, {'nodo': 'cargador', 'nombre': 'Atlante - Atlante - Nieves Sant Esteve', 'direccion': '', 'coordenadas': (41.504070650751906, 1.883253906745552), 'w': 192.0}], 'distancias': [[0, 16.5, 36.87, 24.07, 24.27, 14.54, 5.92, 9.94, 12.98, 17.61, 12.83], [16.5, 0, 52.68, 36.42, 37.57, 27.64, 11.39, 22.8, 22.62, 8.48, 23.98], [36.87, 52.68, 0, 37.84, 35.24, 35.81, 41.3, 37.02, 41.27, 54.35, 30.46], [24.07, 36.42, 37.84, 0, 2.81, 9.54, 29.41, 14.37, 13.86, 31.77, 33.05], [24.27, 37.57, 35.24, 2.81, 0, 10.05, 29.85, 15.0, 15.3, 33.43, 32.3], [14.54, 27.64, 35.81, 9.54, 10.05, 0, 19.9, 4.95, 6.41, 24.19, 24.33], [5.92, 11.39, 41.3, 29.41, 29.85, 19.9, 0, 15.04, 17.02, 14.83, 13.6], [9.94, 22.8, 37.02, 14.37, 15.0, 4.95, 15.04, 0, 4.59, 19.98, 21.0], [12.98, 22.62, 41.27, 13.86, 15.3, 6.41, 17.02, 4.59, 0, 18.15, 25.01], [17.61, 8.48, 54.35, 31.77, 33.43, 24.19, 14.83, 19.98, 18.15, 0, 28.43], [12.83, 23.98, 30.46, 33.05, 32.3, 24.33, 13.6, 21.0, 25.01, 28.43, 0]], 'tiempos': [[0.0, 14.142857142857142, 31.60285714285714, 20.63142857142857, 20.802857142857142, 12.462857142857143, 5.074285714285715, 8.52, 11.125714285714286, 15.094285714285714, 10.997142857142856], [14.142857142857142, 0.0, 45.15428571428571, 31.21714285714286, 32.20285714285714, 23.69142857142857, 9.762857142857143, 19.542857142857144, 19.38857142857143, 7.268571428571429, 20.554285714285715], [31.60285714285714, 45.15428571428571, 0.0, 32.434285714285714, 30.205714285714286, 30.694285714285712, 35.4, 31.731428571428573, 35.37428571428572, 46.58571428571429, 26.10857142857143], [20.63142857142857, 31.21714285714286, 32.434285714285714, 0.0, 2.408571428571429, 8.177142857142856, 25.208571428571428, 12.317142857142857, 11.879999999999999, 27.23142857142857, 28.328571428571426], [20.802857142857142, 32.20285714285714, 30.205714285714286, 2.408571428571429, 0.0, 8.614285714285714, 25.585714285714285, 12.857142857142856, 13.114285714285716, 28.654285714285717, 27.685714285714283], [12.462857142857143, 23.69142857142857, 30.694285714285712, 8.177142857142856, 8.614285714285714, 0.0, 17.057142857142857, 4.242857142857143, 5.494285714285714, 20.734285714285715, 20.854285714285712], [5.074285714285715, 9.762857142857143, 35.4, 25.208571428571428, 25.585714285714285, 17.057142857142857, 0.0, 12.891428571428571, 14.588571428571427, 12.711428571428572, 11.657142857142857], [8.52, 19.542857142857144, 31.731428571428573, 12.317142857142857, 12.857142857142856, 4.242857142857143, 12.891428571428571, 0.0, 3.934285714285714, 17.125714285714285, 18.0], [11.125714285714286, 19.38857142857143, 35.37428571428572, 11.879999999999999, 13.114285714285716, 5.494285714285714, 14.588571428571427, 3.934285714285714, 0.0, 15.557142857142857, 21.43714285714286], [15.094285714285714, 7.268571428571429, 46.58571428571429, 27.23142857142857, 28.654285714285717, 20.734285714285715, 12.711428571428572, 17.125714285714285, 15.557142857142857, 0.0, 24.36857142857143], [10.997142857142856, 20.554285714285715, 26.10857142857143, 28.328571428571426, 27.685714285714283, 20.854285714285712, 11.657142857142857, 18.0, 21.43714285714286, 24.36857142857143, 0.0]], 'costes': [[0.0, 6.6000000000000005, 14.748, 9.628, 9.708, 5.816, 2.368, 3.976, 5.192, 7.0440000000000005, 5.132000000000001], [6.6000000000000005, 0.0, 21.072000000000003, 14.568000000000001, 15.028, 11.056000000000001, 4.556, 9.120000000000001, 9.048, 3.3920000000000003, 9.592], [14.748, 21.072000000000003, 0.0, 15.136000000000003, 14.096000000000002, 14.324000000000002, 16.52, 14.808000000000002, 16.508000000000003, 21.740000000000002, 12.184000000000001], [9.628, 14.568000000000001, 15.136000000000003, 0.0, 1.124, 3.816, 11.764000000000001, 5.748, 5.5440000000000005, 12.708, 13.219999999999999], [9.708, 15.028, 14.096000000000002, 1.124, 0.0, 4.0200000000000005, 11.940000000000001, 6.0, 6.120000000000001, 13.372, 12.92], [5.816, 11.056000000000001, 14.324000000000002, 3.816, 4.0200000000000005, 0.0, 7.96, 1.9800000000000002, 2.564, 9.676000000000002, 9.732], [2.368, 4.556, 16.52, 11.764000000000001, 11.940000000000001, 7.96, 0.0, 6.016, 6.808, 5.932, 5.44], [3.976, 9.120000000000001, 14.808000000000002, 5.748, 6.0, 1.9800000000000002, 6.016, 0.0, 1.836, 7.992000000000001, 8.4], [5.192, 9.048, 16.508000000000003, 5.5440000000000005, 6.120000000000001, 2.564, 6.808, 1.836, 0.0, 7.26, 10.004000000000001], [7.0440000000000005, 3.3920000000000003, 21.740000000000002, 12.708, 13.372, 9.676000000000002, 5.932, 7.992000000000001, 7.26, 0.0, 11.372], [5.132000000000001, 9.592, 12.184000000000001, 13.219999999999999, 12.92, 9.732, 5.44, 8.4, 10.004000000000001, 11.372, 0.0]]}\n",
      "dict_keys(['data', 'distancias', 'tiempos', 'costes'])\n",
      "[{'nodo': 'parking', 'nombre': 'ES08191 Rubi', 'direccion': 'Ctra. Molins de Rei, 251, Km. 8, 08191 Rubí, Barcelona', 'coordenadas': (41.46930679260032, 2.029808746545829), 'w': 0}, {'nodo': 'carga', 'nombre': 'ES08840 Viladecans', 'direccion': 'Av. del Segle XXI, 63, 08840 Viladecans, Barcelona', 'coordenadas': (41.3207455, 2.0347543), 'w': 0}, {'nodo': 'carga', 'nombre': 'ES08272 Sant Fruitós de Bages', 'direccion': 'Carrer Sakura, 16B, NAVE 16A, 08272 Sant Fruitós de Bages, Barcelona', 'coordenadas': (41.77803590470732, 1.867141253552206), 'w': 0}, {'nodo': 'carga', 'nombre': 'ES08650 Sallent', 'direccion': \"Avinguda Can Montcau, 1-3-5, 08186 Lliçà d'Amunt, Barcelona\", 'coordenadas': (41.60289038509304, 2.2569771240231096), 'w': 0}, {'nodo': 'carga', 'nombre': 'ES08186 Lliça de Amunt', 'direccion': \"Carrer d'Anselm Clavé, 62 AB, 08186 Lliçà d'Amunt, Barcelona\", 'coordenadas': (41.6230442, 2.2365817), 'w': 0}, {'nodo': 'descarga', 'nombre': 'ES08040 Barcelona', 'direccion': 'DHL FREIGHT SPAIN S.L, C/ Atlantic 109-111  (ZAL)', 'coordenadas': (41.548266507563135, 2.1687455645705684), 'w': 0}, {'nodo': 'cargador', 'nombre': 'IONITY Palleja', 'direccion': 'Ronda de Santa Eulàlia, 31, 08780 Pallejà, Barcelona', 'coordenadas': (41.4202499, 2.0019645), 'w': 183.0}, {'nodo': 'cargador', 'nombre': 'IONITY Barcera del Valles', 'direccion': '', 'coordenadas': (41.51182358577195, 2.1345502627626303), 'w': 183.0}, {'nodo': 'cargador', 'nombre': 'IONITY Montcada i Reixac', 'direccion': '', 'coordenadas': (41.491422605263075, 2.1823508377517684), 'w': 183.0}, {'nodo': 'cargador', 'nombre': 'Atlante - Nieves Zona Franca', 'direccion': '', 'coordenadas': (41.33194049366559, 2.134952349708804), 'w': 192.0}, {'nodo': 'cargador', 'nombre': 'Atlante - Atlante - Nieves Sant Esteve', 'direccion': '', 'coordenadas': (41.504070650751906, 1.883253906745552), 'w': 192.0}]\n",
      "[[0, 16.5, 36.87, 24.07, 24.27, 14.54, 5.92, 9.94, 12.98, 17.61, 12.83], [16.5, 0, 52.68, 36.42, 37.57, 27.64, 11.39, 22.8, 22.62, 8.48, 23.98], [36.87, 52.68, 0, 37.84, 35.24, 35.81, 41.3, 37.02, 41.27, 54.35, 30.46], [24.07, 36.42, 37.84, 0, 2.81, 9.54, 29.41, 14.37, 13.86, 31.77, 33.05], [24.27, 37.57, 35.24, 2.81, 0, 10.05, 29.85, 15.0, 15.3, 33.43, 32.3], [14.54, 27.64, 35.81, 9.54, 10.05, 0, 19.9, 4.95, 6.41, 24.19, 24.33], [5.92, 11.39, 41.3, 29.41, 29.85, 19.9, 0, 15.04, 17.02, 14.83, 13.6], [9.94, 22.8, 37.02, 14.37, 15.0, 4.95, 15.04, 0, 4.59, 19.98, 21.0], [12.98, 22.62, 41.27, 13.86, 15.3, 6.41, 17.02, 4.59, 0, 18.15, 25.01], [17.61, 8.48, 54.35, 31.77, 33.43, 24.19, 14.83, 19.98, 18.15, 0, 28.43], [12.83, 23.98, 30.46, 33.05, 32.3, 24.33, 13.6, 21.0, 25.01, 28.43, 0]]\n",
      "[[0.0, 14.142857142857142, 31.60285714285714, 20.63142857142857, 20.802857142857142, 12.462857142857143, 5.074285714285715, 8.52, 11.125714285714286, 15.094285714285714, 10.997142857142856], [14.142857142857142, 0.0, 45.15428571428571, 31.21714285714286, 32.20285714285714, 23.69142857142857, 9.762857142857143, 19.542857142857144, 19.38857142857143, 7.268571428571429, 20.554285714285715], [31.60285714285714, 45.15428571428571, 0.0, 32.434285714285714, 30.205714285714286, 30.694285714285712, 35.4, 31.731428571428573, 35.37428571428572, 46.58571428571429, 26.10857142857143], [20.63142857142857, 31.21714285714286, 32.434285714285714, 0.0, 2.408571428571429, 8.177142857142856, 25.208571428571428, 12.317142857142857, 11.879999999999999, 27.23142857142857, 28.328571428571426], [20.802857142857142, 32.20285714285714, 30.205714285714286, 2.408571428571429, 0.0, 8.614285714285714, 25.585714285714285, 12.857142857142856, 13.114285714285716, 28.654285714285717, 27.685714285714283], [12.462857142857143, 23.69142857142857, 30.694285714285712, 8.177142857142856, 8.614285714285714, 0.0, 17.057142857142857, 4.242857142857143, 5.494285714285714, 20.734285714285715, 20.854285714285712], [5.074285714285715, 9.762857142857143, 35.4, 25.208571428571428, 25.585714285714285, 17.057142857142857, 0.0, 12.891428571428571, 14.588571428571427, 12.711428571428572, 11.657142857142857], [8.52, 19.542857142857144, 31.731428571428573, 12.317142857142857, 12.857142857142856, 4.242857142857143, 12.891428571428571, 0.0, 3.934285714285714, 17.125714285714285, 18.0], [11.125714285714286, 19.38857142857143, 35.37428571428572, 11.879999999999999, 13.114285714285716, 5.494285714285714, 14.588571428571427, 3.934285714285714, 0.0, 15.557142857142857, 21.43714285714286], [15.094285714285714, 7.268571428571429, 46.58571428571429, 27.23142857142857, 28.654285714285717, 20.734285714285715, 12.711428571428572, 17.125714285714285, 15.557142857142857, 0.0, 24.36857142857143], [10.997142857142856, 20.554285714285715, 26.10857142857143, 28.328571428571426, 27.685714285714283, 20.854285714285712, 11.657142857142857, 18.0, 21.43714285714286, 24.36857142857143, 0.0]]\n",
      "[[0.0, 6.6000000000000005, 14.748, 9.628, 9.708, 5.816, 2.368, 3.976, 5.192, 7.0440000000000005, 5.132000000000001], [6.6000000000000005, 0.0, 21.072000000000003, 14.568000000000001, 15.028, 11.056000000000001, 4.556, 9.120000000000001, 9.048, 3.3920000000000003, 9.592], [14.748, 21.072000000000003, 0.0, 15.136000000000003, 14.096000000000002, 14.324000000000002, 16.52, 14.808000000000002, 16.508000000000003, 21.740000000000002, 12.184000000000001], [9.628, 14.568000000000001, 15.136000000000003, 0.0, 1.124, 3.816, 11.764000000000001, 5.748, 5.5440000000000005, 12.708, 13.219999999999999], [9.708, 15.028, 14.096000000000002, 1.124, 0.0, 4.0200000000000005, 11.940000000000001, 6.0, 6.120000000000001, 13.372, 12.92], [5.816, 11.056000000000001, 14.324000000000002, 3.816, 4.0200000000000005, 0.0, 7.96, 1.9800000000000002, 2.564, 9.676000000000002, 9.732], [2.368, 4.556, 16.52, 11.764000000000001, 11.940000000000001, 7.96, 0.0, 6.016, 6.808, 5.932, 5.44], [3.976, 9.120000000000001, 14.808000000000002, 5.748, 6.0, 1.9800000000000002, 6.016, 0.0, 1.836, 7.992000000000001, 8.4], [5.192, 9.048, 16.508000000000003, 5.5440000000000005, 6.120000000000001, 2.564, 6.808, 1.836, 0.0, 7.26, 10.004000000000001], [7.0440000000000005, 3.3920000000000003, 21.740000000000002, 12.708, 13.372, 9.676000000000002, 5.932, 7.992000000000001, 7.26, 0.0, 11.372], [5.132000000000001, 9.592, 12.184000000000001, 13.219999999999999, 12.92, 9.732, 5.44, 8.4, 10.004000000000001, 11.372, 0.0]]\n"
     ]
    }
   ],
   "source": [
    "## ABRIR DATASET ACTUALIZADO\n",
    "import pickle\n",
    "\n",
    "with open(\"dataset_actualizado.pkl\", \"rb\") as f:\n",
    "    datos = pickle.load(f)\n",
    "\n",
    "print(datos)\n",
    "print(datos.keys())\n",
    "print(datos[\"data\"])\n",
    "print(datos[\"distancias\"])\n",
    "print(datos[\"tiempos\"])\n",
    "print(datos[\"costes\"])\n"
   ]
  },
  {
   "cell_type": "code",
   "execution_count": 3,
   "id": "62a346b7",
   "metadata": {},
   "outputs": [
    {
     "name": "stdout",
     "output_type": "stream",
     "text": [
      "[0, 1, 2, 3, 4, 5, 6, 7, 8, 9, 10, -1]\n",
      "[1, 2, 3, 4]\n",
      "[6, 7, 8, 9, 10]\n",
      "0\n",
      "5\n",
      "-1\n"
     ]
    }
   ],
   "source": [
    "## CREAR EL CONJUNTO DE NODOS ##\n",
    "base_operativa_ficticia=-1\n",
    "N = [i for i,d in enumerate(datos[\"data\"]) if d['nodo']==\"carga\"]\n",
    "F = [i for i,d in enumerate(datos[\"data\"]) if d['nodo']==\"cargador\"]\n",
    "V = list(range(len(datos[\"data\"])))+[base_operativa_ficticia]\n",
    "base_operativa = [i for i,d in enumerate(datos[\"data\"]) if d['nodo']==\"parking\"][0]\n",
    "descarga = [i for i,d in enumerate(datos[\"data\"]) if d['nodo']==\"descarga\"][0]\n",
    "\n",
    "print(V)\n",
    "print(N)\n",
    "print(F)\n",
    "print(base_operativa)\n",
    "print(descarga)\n",
    "print(base_operativa_ficticia)\n"
   ]
  },
  {
   "cell_type": "code",
   "execution_count": 40,
   "id": "98f6a067",
   "metadata": {},
   "outputs": [],
   "source": [
    "# M-GRANDE \n",
    "M = 1000"
   ]
  },
  {
   "cell_type": "code",
   "execution_count": null,
   "id": "1611f5a9",
   "metadata": {},
   "outputs": [
    {
     "name": "stdout",
     "output_type": "stream",
     "text": [
      "[[ 0.         14.14285714 31.60285714 20.63142857 20.80285714 12.46285714\n",
      "   5.07428571  8.52       11.12571429 15.09428571 10.99714286  0.        ]\n",
      " [14.14285714  0.         45.15428571 31.21714286 32.20285714 23.69142857\n",
      "   9.76285714 19.54285714 19.38857143  7.26857143 20.55428571 14.14285714]\n",
      " [31.60285714 45.15428571  0.         32.43428571 30.20571429 30.69428571\n",
      "  35.4        31.73142857 35.37428571 46.58571429 26.10857143 31.60285714]\n",
      " [20.63142857 31.21714286 32.43428571  0.          2.40857143  8.17714286\n",
      "  25.20857143 12.31714286 11.88       27.23142857 28.32857143 20.63142857]\n",
      " [20.80285714 32.20285714 30.20571429  2.40857143  0.          8.61428571\n",
      "  25.58571429 12.85714286 13.11428571 28.65428571 27.68571429 20.80285714]\n",
      " [12.46285714 23.69142857 30.69428571  8.17714286  8.61428571  0.\n",
      "  17.05714286  4.24285714  5.49428571 20.73428571 20.85428571 12.46285714]\n",
      " [ 5.07428571  9.76285714 35.4        25.20857143 25.58571429 17.05714286\n",
      "   0.         12.89142857 14.58857143 12.71142857 11.65714286  5.07428571]\n",
      " [ 8.52       19.54285714 31.73142857 12.31714286 12.85714286  4.24285714\n",
      "  12.89142857  0.          3.93428571 17.12571429 18.          8.52      ]\n",
      " [11.12571429 19.38857143 35.37428571 11.88       13.11428571  5.49428571\n",
      "  14.58857143  3.93428571  0.         15.55714286 21.43714286 11.12571429]\n",
      " [15.09428571  7.26857143 46.58571429 27.23142857 28.65428571 20.73428571\n",
      "  12.71142857 17.12571429 15.55714286  0.         24.36857143 15.09428571]\n",
      " [10.99714286 20.55428571 26.10857143 28.32857143 27.68571429 20.85428571\n",
      "  11.65714286 18.         21.43714286 24.36857143  0.         10.99714286]\n",
      " [ 0.         14.14285714 31.60285714 20.63142857 20.80285714 12.46285714\n",
      "   5.07428571  8.52       11.12571429 15.09428571 10.99714286  0.        ]]\n"
     ]
    }
   ],
   "source": [
    "# CREACIÓN DE ARRAYS\n",
    "import numpy as np\n",
    "c_0 = np.array(datos[\"costes\"])\n",
    "w_0 = np.array([d[\"w\"] for d in datos[\"data\"]])\n",
    "tiempos_0 = np.array(datos[\"tiempos\"])"
   ]
  },
  {
   "cell_type": "code",
   "execution_count": null,
   "id": "20ce35b4",
   "metadata": {},
   "outputs": [],
   "source": [
    "# AÑADIR EL INDICE -1 (BASE OPERATIVA FICTICIA)\n",
    "#c\n",
    "fila_nueva_c = c_0[0, :].reshape(1, -1)\n",
    "c = np.vstack((c_0, fila_nueva_c))\n",
    "columna_nueva_c = c[:, 0].reshape(-1, 1)\n",
    "c = np.hstack((c, columna_nueva_c))\n",
    "#w\n",
    "w=np.append(w_0,0)\n",
    "#tiempos\n",
    "fila_nueva_t = tiempos_0[0, :].reshape(1, -1)\n",
    "tiempos = np.vstack((tiempos_0, fila_nueva_t))\n",
    "columna_nueva_t = tiempos[:, 0].reshape(-1, 1)\n",
    "tiempos = np.hstack((tiempos, columna_nueva_t))\n"
   ]
  },
  {
   "cell_type": "code",
   "execution_count": 45,
   "id": "b09a2925",
   "metadata": {},
   "outputs": [
    {
     "name": "stdout",
     "output_type": "stream",
     "text": [
      "Gurobi Optimizer version 12.0.3 build v12.0.3rc0 (mac64[x86] - Darwin 21.6.0 21H1123)\n",
      "\n",
      "CPU model: Intel(R) Core(TM) i5-5350U CPU @ 1.80GHz\n",
      "Thread count: 2 physical cores, 4 logical processors, using up to 4 threads\n",
      "\n",
      "Optimize a model with 194 rows, 161 columns and 791 nonzeros\n",
      "Model fingerprint: 0x94cebdaf\n",
      "Variable types: 12 continuous, 149 integer (149 binary)\n",
      "Coefficient statistics:\n",
      "  Matrix range     [1e+00, 1e+03]\n",
      "  Objective range  [1e+00, 2e+02]\n",
      "  Bounds range     [1e+00, 9e+02]\n",
      "  RHS range        [1e+00, 1e+03]\n",
      "Presolve removed 45 rows and 31 columns\n",
      "Presolve time: 0.02s\n",
      "Presolved: 149 rows, 130 columns, 1171 nonzeros\n",
      "Variable types: 10 continuous, 120 integer (120 binary)\n",
      "\n",
      "Root relaxation: objective 5.373193e+01, 62 iterations, 0.00 seconds (0.00 work units)\n",
      "\n",
      "    Nodes    |    Current Node    |     Objective Bounds      |     Work\n",
      " Expl Unexpl |  Obj  Depth IntInf | Incumbent    BestBd   Gap | It/Node Time\n",
      "\n",
      "     0     0   53.73193    0    8          -   53.73193      -     -    0s\n",
      "     0     0   61.97600    0   14          -   61.97600      -     -    0s\n",
      "     0     0   61.97600    0   14          -   61.97600      -     -    0s\n",
      "     0     0   61.97926    0   19          -   61.97926      -     -    0s\n",
      "H    0     0                     472.3960000   61.97926  86.9%     -    0s\n",
      "H    0     0                     280.3960000   61.97926  77.9%     -    0s\n",
      "     0     0   61.97926    0   19  280.39600   61.97926  77.9%     -    0s\n",
      "     0     0   62.30400    0   14  280.39600   62.30400  77.8%     -    0s\n",
      "H    0     0                     249.9960000   62.59245  75.0%     -    0s\n",
      "     0     0   62.63200    0    8  249.99600   62.63200  74.9%     -    0s\n",
      "     0     0   62.63200    0    8  249.99600   62.63200  74.9%     -    0s\n",
      "H    0     2                     247.2520000   63.77600  74.2%     -    0s\n",
      "     0     2   63.77600    0    8  247.25200   63.77600  74.2%     -    0s\n",
      "H   59    33                     245.8680000   64.54100  73.7%   7.7    0s\n",
      "H   65    33                     245.0280000   66.74233  72.8%   8.3    0s\n",
      "*   76    33               7     237.0920000   75.51900  68.1%   8.3    0s\n",
      "*   95    27               7     235.5280000   95.77295  59.3%   8.2    0s\n",
      "\n",
      "Cutting planes:\n",
      "  Learned: 5\n",
      "  Gomory: 4\n",
      "  Cover: 2\n",
      "  Implied bound: 6\n",
      "  MIR: 4\n",
      "  Inf proof: 2\n",
      "  RLT: 2\n",
      "  Relax-and-lift: 5\n",
      "\n",
      "Explored 142 nodes (1447 simplex iterations) in 0.84 seconds (0.06 work units)\n",
      "Thread count was 4 (of 4 available processors)\n",
      "\n",
      "Solution count 8: 235.528 237.092 245.028 ... 472.396\n",
      "\n",
      "Optimal solution found (tolerance 1.00e-04)\n",
      "Best objective 2.355280000000e+02, best bound 2.355280000000e+02, gap 0.0000%\n",
      "Funcion objetivo 235.52800000000002\n",
      "x[0,0]=0.0\n",
      "x[0,1]=1.0\n",
      "x[0,2]=-0.0\n",
      "x[0,3]=-0.0\n",
      "x[0,4]=-0.0\n",
      "x[0,5]=-0.0\n",
      "x[0,6]=-0.0\n",
      "x[0,7]=0.0\n",
      "x[0,8]=-0.0\n",
      "x[0,9]=0.0\n",
      "x[0,10]=0.0\n",
      "x[0,-1]=0.0\n",
      "x[1,0]=-0.0\n",
      "x[1,1]=0.0\n",
      "x[1,2]=-0.0\n",
      "x[1,3]=-0.0\n",
      "x[1,4]=-0.0\n",
      "x[1,5]=-0.0\n",
      "x[1,6]=1.0\n",
      "x[1,7]=-0.0\n",
      "x[1,8]=0.0\n",
      "x[1,9]=0.0\n",
      "x[1,10]=-0.0\n",
      "x[1,-1]=0.0\n",
      "x[2,0]=-0.0\n",
      "x[2,1]=-0.0\n",
      "x[2,2]=0.0\n",
      "x[2,3]=-0.0\n",
      "x[2,4]=1.0\n",
      "x[2,5]=0.0\n",
      "x[2,6]=-0.0\n",
      "x[2,7]=0.0\n",
      "x[2,8]=-0.0\n",
      "x[2,9]=-0.0\n",
      "x[2,10]=0.0\n",
      "x[2,-1]=-0.0\n",
      "x[3,0]=-0.0\n",
      "x[3,1]=-0.0\n",
      "x[3,2]=-0.0\n",
      "x[3,3]=0.0\n",
      "x[3,4]=0.0\n",
      "x[3,5]=1.0\n",
      "x[3,6]=-0.0\n",
      "x[3,7]=-0.0\n",
      "x[3,8]=-0.0\n",
      "x[3,9]=-0.0\n",
      "x[3,10]=-0.0\n",
      "x[3,-1]=-0.0\n",
      "x[4,0]=-0.0\n",
      "x[4,1]=-0.0\n",
      "x[4,2]=0.0\n",
      "x[4,3]=1.0\n",
      "x[4,4]=0.0\n",
      "x[4,5]=-0.0\n",
      "x[4,6]=-0.0\n",
      "x[4,7]=-0.0\n",
      "x[4,8]=-0.0\n",
      "x[4,9]=-0.0\n",
      "x[4,10]=-0.0\n",
      "x[4,-1]=-0.0\n",
      "x[5,0]=0.0\n",
      "x[5,1]=0.0\n",
      "x[5,2]=0.0\n",
      "x[5,3]=0.0\n",
      "x[5,4]=0.0\n",
      "x[5,5]=0.0\n",
      "x[5,6]=-0.0\n",
      "x[5,7]=-0.0\n",
      "x[5,8]=0.0\n",
      "x[5,9]=-0.0\n",
      "x[5,10]=-0.0\n",
      "x[5,-1]=1.0\n",
      "x[6,0]=-0.0\n",
      "x[6,1]=-0.0\n",
      "x[6,2]=1.0\n",
      "x[6,3]=-0.0\n",
      "x[6,4]=-0.0\n",
      "x[6,5]=-0.0\n",
      "x[6,6]=0.0\n",
      "x[6,7]=-0.0\n",
      "x[6,8]=-0.0\n",
      "x[6,9]=-0.0\n",
      "x[6,10]=-0.0\n",
      "x[6,-1]=0.0\n",
      "x[7,0]=-0.0\n",
      "x[7,1]=-0.0\n",
      "x[7,2]=-0.0\n",
      "x[7,3]=0.0\n",
      "x[7,4]=-0.0\n",
      "x[7,5]=0.0\n",
      "x[7,6]=-0.0\n",
      "x[7,7]=0.0\n",
      "x[7,8]=0.0\n",
      "x[7,9]=-0.0\n",
      "x[7,10]=-0.0\n",
      "x[7,-1]=-0.0\n",
      "x[8,0]=-0.0\n",
      "x[8,1]=-0.0\n",
      "x[8,2]=0.0\n",
      "x[8,3]=0.0\n",
      "x[8,4]=-0.0\n",
      "x[8,5]=0.0\n",
      "x[8,6]=-0.0\n",
      "x[8,7]=0.0\n",
      "x[8,8]=0.0\n",
      "x[8,9]=-0.0\n",
      "x[8,10]=-0.0\n",
      "x[8,-1]=-0.0\n",
      "x[9,0]=-0.0\n",
      "x[9,1]=-0.0\n",
      "x[9,2]=-0.0\n",
      "x[9,3]=-0.0\n",
      "x[9,4]=-0.0\n",
      "x[9,5]=-0.0\n",
      "x[9,6]=-0.0\n",
      "x[9,7]=-0.0\n",
      "x[9,8]=-0.0\n",
      "x[9,9]=0.0\n",
      "x[9,10]=-0.0\n",
      "x[9,-1]=-0.0\n",
      "x[10,0]=-0.0\n",
      "x[10,1]=0.0\n",
      "x[10,2]=0.0\n",
      "x[10,3]=0.0\n",
      "x[10,4]=0.0\n",
      "x[10,5]=-0.0\n",
      "x[10,6]=-0.0\n",
      "x[10,7]=-0.0\n",
      "x[10,8]=-0.0\n",
      "x[10,9]=-0.0\n",
      "x[10,10]=0.0\n",
      "x[10,-1]=-0.0\n",
      "x[-1,0]=0.0\n",
      "x[-1,1]=0.0\n",
      "x[-1,2]=0.0\n",
      "x[-1,3]=0.0\n",
      "x[-1,4]=0.0\n",
      "x[-1,5]=0.0\n",
      "x[-1,6]=0.0\n",
      "x[-1,7]=0.0\n",
      "x[-1,8]=0.0\n",
      "x[-1,9]=0.0\n",
      "x[-1,10]=0.0\n",
      "x[-1,-1]=0.0\n",
      "z[6]=1.0\n",
      "z[7]=0.0\n",
      "z[8]=0.0\n",
      "z[9]=0.0\n",
      "z[10]=-0.0\n",
      "t[0]=0.0\n",
      "t[1]=14.14\n",
      "t[2]=59.31\n",
      "t[3]=91.92\n",
      "t[4]=89.51\n",
      "t[5]=100.1\n",
      "t[6]=23.91\n",
      "t[7]=0.0\n",
      "t[8]=0.0\n",
      "t[9]=0.0\n",
      "t[10]=0.0\n",
      "t[-1]=900.0\n"
     ]
    }
   ],
   "source": [
    "## PROGRAMA PRINCIPAL\n",
    "import gurobipy as gp\n",
    "from gurobipy import GRB\n",
    "\n",
    "# Creamos el modelo\n",
    "m = gp.Model(\"problema1\")\n",
    "\n",
    "# Creamos las variables\n",
    "x = m.addVars(V,V, vtype=GRB.BINARY, name=\"x\")\n",
    "z = m.addVars(F, vtype=GRB.BINARY, name=\"z\")\n",
    "t = m.addVars(V, lb=0.0, ub= 15*60, vtype=GRB.CONTINUOUS, name=\"t\")\n",
    "m.update()\n",
    "\n",
    "# Definimos la función objetivo\n",
    "obj = gp.quicksum(c[i, j] * x[i, j] for i in V for j in V if i != j) + gp.quicksum(w[i] * z[i] for i in F)\n",
    "m.setObjective(obj, GRB.MINIMIZE)\n",
    "\n",
    "# Definimos las restricciones\n",
    "## Ponemos que en la base operativa el tiempo es = 0\n",
    "m.addConstr(t[base_operativa] == 0, name=\"r0\")\n",
    "# r1\n",
    "for i in V:\n",
    "    if i not in F and i!= base_operativa_ficticia:\n",
    "        m.addConstr(gp.quicksum(x[i, j] for j in V if j != i) == 1, name=f\"r1_{i}\")\n",
    "#r2\n",
    "m.addConstr(gp.quicksum(x[base_operativa,j] for j in V if j not in [base_operativa, base_operativa_ficticia])==1, name=\"r2\")\n",
    "#r3\n",
    "m.addConstr(gp.quicksum(x[i,base_operativa_ficticia] for i in V if i not in [base_operativa, base_operativa_ficticia])==1, name=\"r3\")\n",
    "#r4\n",
    "m.addConstr(gp.quicksum(x[descarga, i] for i in N)==0, name=\"r4\")\n",
    "#r5\n",
    "for j in V:\n",
    "    if j not in [base_operativa_ficticia, base_operativa]:\n",
    "        m.addConstr(gp.quicksum(x[i,j] for i in V if i!=j)-gp.quicksum(x[j,h] for h in V if h!=j)==0, name=f\"r5_{j}\")\n",
    "#r6\n",
    "for i in V:\n",
    "    for j in V:\n",
    "        if i!=j and j!=base_operativa:\n",
    "            m.addConstr(t[i]+tiempos[i,j]-t[j]<=M*(1-x[i,j]), name=f\"r6_{i}_{j}\")     \n",
    "#r7\n",
    "m.addConstr(gp.quicksum(x[i,j] for i in (N+[base_operativa]) for j in F if i!=j)==1, name=\"r7\")\n",
    "#r8\n",
    "for i in F:\n",
    "    for j in N:\n",
    "        if i!=j:\n",
    "            m.addConstr(x[i,j]<= z[i], name=f\"r8_{i}_{j}\")        \n",
    "#r9\n",
    "for i in N:\n",
    "    for j in F:\n",
    "        if i!=j:\n",
    "            m.addConstr(x[i,j]<= z[j], name=f\"r9_{i}_{j}\") \n",
    "# r10\n",
    "#Bloquea salidas del nodo ficticio de retorno (-1)\n",
    "for j in V:\n",
    "    m.addConstr(x[base_operativa_ficticia, j] == 0, name=f\"r10_{j}\")\n",
    "\n",
    "m.update()\n",
    "m.optimize()\n",
    "a= m.ObjVal\n",
    "print(\"Funcion objetivo\", a)\n",
    "for v in m.getVars():\n",
    "    print(str(v.VarName)+\"=\"+str(round(v.x, 2)))\n"
   ]
  }
 ],
 "metadata": {
  "kernelspec": {
   "display_name": "base",
   "language": "python",
   "name": "python3"
  },
  "language_info": {
   "codemirror_mode": {
    "name": "ipython",
    "version": 3
   },
   "file_extension": ".py",
   "mimetype": "text/x-python",
   "name": "python",
   "nbconvert_exporter": "python",
   "pygments_lexer": "ipython3",
   "version": "3.13.5"
  }
 },
 "nbformat": 4,
 "nbformat_minor": 5
}
