{
 "cells": [
  {
   "cell_type": "code",
   "execution_count": null,
   "id": "cf507962",
   "metadata": {},
   "outputs": [],
   "source": [
    "## ALGORITMO VECINO MÁS PRÓXIMO ##\n",
    "## Datos obtenidos con \"Open_dataset.ipynb\" ##"
   ]
  },
  {
   "cell_type": "code",
   "execution_count": null,
   "id": "33587d60",
   "metadata": {},
   "outputs": [
    {
     "name": "stdout",
     "output_type": "stream",
     "text": [
      "{'data': [{'nodo': 'parking', 'nombre': 'ES08191 Rubi', 'direccion': 'Ctra. Molins de Rei, 251, Km. 8, 08191 Rubí, Barcelona', 'coordenadas': (41.46930679260032, 2.029808746545829), 'w': 0}, {'nodo': 'carga', 'nombre': 'ES08840 Viladecans', 'direccion': 'Av. del Segle XXI, 63, 08840 Viladecans, Barcelona', 'coordenadas': (41.3207455, 2.0347543), 'w': 0}, {'nodo': 'carga', 'nombre': 'ES08272 Sant Fruitós de Bages', 'direccion': 'Carrer Sakura, 16B, NAVE 16A, 08272 Sant Fruitós de Bages, Barcelona', 'coordenadas': (41.77803590470732, 1.867141253552206), 'w': 0}, {'nodo': 'carga', 'nombre': 'ES08650 Sallent', 'direccion': \"Avinguda Can Montcau, 1-3-5, 08186 Lliçà d'Amunt, Barcelona\", 'coordenadas': (41.60289038509304, 2.2569771240231096), 'w': 0}, {'nodo': 'carga', 'nombre': 'ES08186 Lliça de Amunt', 'direccion': \"Carrer d'Anselm Clavé, 62 AB, 08186 Lliçà d'Amunt, Barcelona\", 'coordenadas': (41.6230442, 2.2365817), 'w': 0}, {'nodo': 'descarga', 'nombre': 'ES08040 Barcelona', 'direccion': 'DHL FREIGHT SPAIN S.L, C/ Atlantic 109-111  (ZAL)', 'coordenadas': (41.548266507563135, 2.1687455645705684), 'w': 0}, {'nodo': 'cargador', 'nombre': 'IONITY Palleja', 'direccion': 'Ronda de Santa Eulàlia, 31, 08780 Pallejà, Barcelona', 'coordenadas': (41.4202499, 2.0019645), 'w': 183.0}, {'nodo': 'cargador', 'nombre': 'IONITY Barcera del Valles', 'direccion': '', 'coordenadas': (41.51182358577195, 2.1345502627626303), 'w': 183.0}, {'nodo': 'cargador', 'nombre': 'IONITY Montcada i Reixac', 'direccion': '', 'coordenadas': (41.491422605263075, 2.1823508377517684), 'w': 183.0}, {'nodo': 'cargador', 'nombre': 'Atlante - Nieves Zona Franca', 'direccion': '', 'coordenadas': (41.33194049366559, 2.134952349708804), 'w': 192.0}, {'nodo': 'cargador', 'nombre': 'Atlante - Atlante - Nieves Sant Esteve', 'direccion': '', 'coordenadas': (41.504070650751906, 1.883253906745552), 'w': 192.0}], 'distancias': [[0, 16.5, 36.87, 24.07, 24.27, 14.54, 5.92, 9.94, 12.98, 17.61, 12.83], [16.5, 0, 52.68, 36.42, 37.57, 27.64, 11.39, 22.8, 22.62, 8.48, 23.98], [36.87, 52.68, 0, 37.84, 35.24, 35.81, 41.3, 37.02, 41.27, 54.35, 30.46], [24.07, 36.42, 37.84, 0, 2.81, 9.54, 29.41, 14.37, 13.86, 31.77, 33.05], [24.27, 37.57, 35.24, 2.81, 0, 10.05, 29.85, 15.0, 15.3, 33.43, 32.3], [14.54, 27.64, 35.81, 9.54, 10.05, 0, 19.9, 4.95, 6.41, 24.19, 24.33], [5.92, 11.39, 41.3, 29.41, 29.85, 19.9, 0, 15.04, 17.02, 14.83, 13.6], [9.94, 22.8, 37.02, 14.37, 15.0, 4.95, 15.04, 0, 4.59, 19.98, 21.0], [12.98, 22.62, 41.27, 13.86, 15.3, 6.41, 17.02, 4.59, 0, 18.15, 25.01], [17.61, 8.48, 54.35, 31.77, 33.43, 24.19, 14.83, 19.98, 18.15, 0, 28.43], [12.83, 23.98, 30.46, 33.05, 32.3, 24.33, 13.6, 21.0, 25.01, 28.43, 0]], 'tiempos': [[0.0, 14.142857142857142, 31.60285714285714, 20.63142857142857, 20.802857142857142, 12.462857142857143, 5.074285714285715, 8.52, 11.125714285714286, 15.094285714285714, 10.997142857142856], [14.142857142857142, 0.0, 45.15428571428571, 31.21714285714286, 32.20285714285714, 23.69142857142857, 9.762857142857143, 19.542857142857144, 19.38857142857143, 7.268571428571429, 20.554285714285715], [31.60285714285714, 45.15428571428571, 0.0, 32.434285714285714, 30.205714285714286, 30.694285714285712, 35.4, 31.731428571428573, 35.37428571428572, 46.58571428571429, 26.10857142857143], [20.63142857142857, 31.21714285714286, 32.434285714285714, 0.0, 2.408571428571429, 8.177142857142856, 25.208571428571428, 12.317142857142857, 11.879999999999999, 27.23142857142857, 28.328571428571426], [20.802857142857142, 32.20285714285714, 30.205714285714286, 2.408571428571429, 0.0, 8.614285714285714, 25.585714285714285, 12.857142857142856, 13.114285714285716, 28.654285714285717, 27.685714285714283], [12.462857142857143, 23.69142857142857, 30.694285714285712, 8.177142857142856, 8.614285714285714, 0.0, 17.057142857142857, 4.242857142857143, 5.494285714285714, 20.734285714285715, 20.854285714285712], [5.074285714285715, 9.762857142857143, 35.4, 25.208571428571428, 25.585714285714285, 17.057142857142857, 0.0, 12.891428571428571, 14.588571428571427, 12.711428571428572, 11.657142857142857], [8.52, 19.542857142857144, 31.731428571428573, 12.317142857142857, 12.857142857142856, 4.242857142857143, 12.891428571428571, 0.0, 3.934285714285714, 17.125714285714285, 18.0], [11.125714285714286, 19.38857142857143, 35.37428571428572, 11.879999999999999, 13.114285714285716, 5.494285714285714, 14.588571428571427, 3.934285714285714, 0.0, 15.557142857142857, 21.43714285714286], [15.094285714285714, 7.268571428571429, 46.58571428571429, 27.23142857142857, 28.654285714285717, 20.734285714285715, 12.711428571428572, 17.125714285714285, 15.557142857142857, 0.0, 24.36857142857143], [10.997142857142856, 20.554285714285715, 26.10857142857143, 28.328571428571426, 27.685714285714283, 20.854285714285712, 11.657142857142857, 18.0, 21.43714285714286, 24.36857142857143, 0.0]], 'costes': [[0.0, 6.6000000000000005, 14.748, 9.628, 9.708, 5.816, 2.368, 3.976, 5.192, 7.0440000000000005, 5.132000000000001], [6.6000000000000005, 0.0, 21.072000000000003, 14.568000000000001, 15.028, 11.056000000000001, 4.556, 9.120000000000001, 9.048, 3.3920000000000003, 9.592], [14.748, 21.072000000000003, 0.0, 15.136000000000003, 14.096000000000002, 14.324000000000002, 16.52, 14.808000000000002, 16.508000000000003, 21.740000000000002, 12.184000000000001], [9.628, 14.568000000000001, 15.136000000000003, 0.0, 1.124, 3.816, 11.764000000000001, 5.748, 5.5440000000000005, 12.708, 13.219999999999999], [9.708, 15.028, 14.096000000000002, 1.124, 0.0, 4.0200000000000005, 11.940000000000001, 6.0, 6.120000000000001, 13.372, 12.92], [5.816, 11.056000000000001, 14.324000000000002, 3.816, 4.0200000000000005, 0.0, 7.96, 1.9800000000000002, 2.564, 9.676000000000002, 9.732], [2.368, 4.556, 16.52, 11.764000000000001, 11.940000000000001, 7.96, 0.0, 6.016, 6.808, 5.932, 5.44], [3.976, 9.120000000000001, 14.808000000000002, 5.748, 6.0, 1.9800000000000002, 6.016, 0.0, 1.836, 7.992000000000001, 8.4], [5.192, 9.048, 16.508000000000003, 5.5440000000000005, 6.120000000000001, 2.564, 6.808, 1.836, 0.0, 7.26, 10.004000000000001], [7.0440000000000005, 3.3920000000000003, 21.740000000000002, 12.708, 13.372, 9.676000000000002, 5.932, 7.992000000000001, 7.26, 0.0, 11.372], [5.132000000000001, 9.592, 12.184000000000001, 13.219999999999999, 12.92, 9.732, 5.44, 8.4, 10.004000000000001, 11.372, 0.0]]}\n",
      "dict_keys(['data', 'distancias', 'tiempos', 'costes'])\n",
      "[{'nodo': 'parking', 'nombre': 'ES08191 Rubi', 'direccion': 'Ctra. Molins de Rei, 251, Km. 8, 08191 Rubí, Barcelona', 'coordenadas': (41.46930679260032, 2.029808746545829), 'w': 0}, {'nodo': 'carga', 'nombre': 'ES08840 Viladecans', 'direccion': 'Av. del Segle XXI, 63, 08840 Viladecans, Barcelona', 'coordenadas': (41.3207455, 2.0347543), 'w': 0}, {'nodo': 'carga', 'nombre': 'ES08272 Sant Fruitós de Bages', 'direccion': 'Carrer Sakura, 16B, NAVE 16A, 08272 Sant Fruitós de Bages, Barcelona', 'coordenadas': (41.77803590470732, 1.867141253552206), 'w': 0}, {'nodo': 'carga', 'nombre': 'ES08650 Sallent', 'direccion': \"Avinguda Can Montcau, 1-3-5, 08186 Lliçà d'Amunt, Barcelona\", 'coordenadas': (41.60289038509304, 2.2569771240231096), 'w': 0}, {'nodo': 'carga', 'nombre': 'ES08186 Lliça de Amunt', 'direccion': \"Carrer d'Anselm Clavé, 62 AB, 08186 Lliçà d'Amunt, Barcelona\", 'coordenadas': (41.6230442, 2.2365817), 'w': 0}, {'nodo': 'descarga', 'nombre': 'ES08040 Barcelona', 'direccion': 'DHL FREIGHT SPAIN S.L, C/ Atlantic 109-111  (ZAL)', 'coordenadas': (41.548266507563135, 2.1687455645705684), 'w': 0}, {'nodo': 'cargador', 'nombre': 'IONITY Palleja', 'direccion': 'Ronda de Santa Eulàlia, 31, 08780 Pallejà, Barcelona', 'coordenadas': (41.4202499, 2.0019645), 'w': 183.0}, {'nodo': 'cargador', 'nombre': 'IONITY Barcera del Valles', 'direccion': '', 'coordenadas': (41.51182358577195, 2.1345502627626303), 'w': 183.0}, {'nodo': 'cargador', 'nombre': 'IONITY Montcada i Reixac', 'direccion': '', 'coordenadas': (41.491422605263075, 2.1823508377517684), 'w': 183.0}, {'nodo': 'cargador', 'nombre': 'Atlante - Nieves Zona Franca', 'direccion': '', 'coordenadas': (41.33194049366559, 2.134952349708804), 'w': 192.0}, {'nodo': 'cargador', 'nombre': 'Atlante - Atlante - Nieves Sant Esteve', 'direccion': '', 'coordenadas': (41.504070650751906, 1.883253906745552), 'w': 192.0}]\n",
      "[[0, 16.5, 36.87, 24.07, 24.27, 14.54, 5.92, 9.94, 12.98, 17.61, 12.83], [16.5, 0, 52.68, 36.42, 37.57, 27.64, 11.39, 22.8, 22.62, 8.48, 23.98], [36.87, 52.68, 0, 37.84, 35.24, 35.81, 41.3, 37.02, 41.27, 54.35, 30.46], [24.07, 36.42, 37.84, 0, 2.81, 9.54, 29.41, 14.37, 13.86, 31.77, 33.05], [24.27, 37.57, 35.24, 2.81, 0, 10.05, 29.85, 15.0, 15.3, 33.43, 32.3], [14.54, 27.64, 35.81, 9.54, 10.05, 0, 19.9, 4.95, 6.41, 24.19, 24.33], [5.92, 11.39, 41.3, 29.41, 29.85, 19.9, 0, 15.04, 17.02, 14.83, 13.6], [9.94, 22.8, 37.02, 14.37, 15.0, 4.95, 15.04, 0, 4.59, 19.98, 21.0], [12.98, 22.62, 41.27, 13.86, 15.3, 6.41, 17.02, 4.59, 0, 18.15, 25.01], [17.61, 8.48, 54.35, 31.77, 33.43, 24.19, 14.83, 19.98, 18.15, 0, 28.43], [12.83, 23.98, 30.46, 33.05, 32.3, 24.33, 13.6, 21.0, 25.01, 28.43, 0]]\n",
      "[[0.0, 14.142857142857142, 31.60285714285714, 20.63142857142857, 20.802857142857142, 12.462857142857143, 5.074285714285715, 8.52, 11.125714285714286, 15.094285714285714, 10.997142857142856], [14.142857142857142, 0.0, 45.15428571428571, 31.21714285714286, 32.20285714285714, 23.69142857142857, 9.762857142857143, 19.542857142857144, 19.38857142857143, 7.268571428571429, 20.554285714285715], [31.60285714285714, 45.15428571428571, 0.0, 32.434285714285714, 30.205714285714286, 30.694285714285712, 35.4, 31.731428571428573, 35.37428571428572, 46.58571428571429, 26.10857142857143], [20.63142857142857, 31.21714285714286, 32.434285714285714, 0.0, 2.408571428571429, 8.177142857142856, 25.208571428571428, 12.317142857142857, 11.879999999999999, 27.23142857142857, 28.328571428571426], [20.802857142857142, 32.20285714285714, 30.205714285714286, 2.408571428571429, 0.0, 8.614285714285714, 25.585714285714285, 12.857142857142856, 13.114285714285716, 28.654285714285717, 27.685714285714283], [12.462857142857143, 23.69142857142857, 30.694285714285712, 8.177142857142856, 8.614285714285714, 0.0, 17.057142857142857, 4.242857142857143, 5.494285714285714, 20.734285714285715, 20.854285714285712], [5.074285714285715, 9.762857142857143, 35.4, 25.208571428571428, 25.585714285714285, 17.057142857142857, 0.0, 12.891428571428571, 14.588571428571427, 12.711428571428572, 11.657142857142857], [8.52, 19.542857142857144, 31.731428571428573, 12.317142857142857, 12.857142857142856, 4.242857142857143, 12.891428571428571, 0.0, 3.934285714285714, 17.125714285714285, 18.0], [11.125714285714286, 19.38857142857143, 35.37428571428572, 11.879999999999999, 13.114285714285716, 5.494285714285714, 14.588571428571427, 3.934285714285714, 0.0, 15.557142857142857, 21.43714285714286], [15.094285714285714, 7.268571428571429, 46.58571428571429, 27.23142857142857, 28.654285714285717, 20.734285714285715, 12.711428571428572, 17.125714285714285, 15.557142857142857, 0.0, 24.36857142857143], [10.997142857142856, 20.554285714285715, 26.10857142857143, 28.328571428571426, 27.685714285714283, 20.854285714285712, 11.657142857142857, 18.0, 21.43714285714286, 24.36857142857143, 0.0]]\n",
      "[[0.0, 6.6000000000000005, 14.748, 9.628, 9.708, 5.816, 2.368, 3.976, 5.192, 7.0440000000000005, 5.132000000000001], [6.6000000000000005, 0.0, 21.072000000000003, 14.568000000000001, 15.028, 11.056000000000001, 4.556, 9.120000000000001, 9.048, 3.3920000000000003, 9.592], [14.748, 21.072000000000003, 0.0, 15.136000000000003, 14.096000000000002, 14.324000000000002, 16.52, 14.808000000000002, 16.508000000000003, 21.740000000000002, 12.184000000000001], [9.628, 14.568000000000001, 15.136000000000003, 0.0, 1.124, 3.816, 11.764000000000001, 5.748, 5.5440000000000005, 12.708, 13.219999999999999], [9.708, 15.028, 14.096000000000002, 1.124, 0.0, 4.0200000000000005, 11.940000000000001, 6.0, 6.120000000000001, 13.372, 12.92], [5.816, 11.056000000000001, 14.324000000000002, 3.816, 4.0200000000000005, 0.0, 7.96, 1.9800000000000002, 2.564, 9.676000000000002, 9.732], [2.368, 4.556, 16.52, 11.764000000000001, 11.940000000000001, 7.96, 0.0, 6.016, 6.808, 5.932, 5.44], [3.976, 9.120000000000001, 14.808000000000002, 5.748, 6.0, 1.9800000000000002, 6.016, 0.0, 1.836, 7.992000000000001, 8.4], [5.192, 9.048, 16.508000000000003, 5.5440000000000005, 6.120000000000001, 2.564, 6.808, 1.836, 0.0, 7.26, 10.004000000000001], [7.0440000000000005, 3.3920000000000003, 21.740000000000002, 12.708, 13.372, 9.676000000000002, 5.932, 7.992000000000001, 7.26, 0.0, 11.372], [5.132000000000001, 9.592, 12.184000000000001, 13.219999999999999, 12.92, 9.732, 5.44, 8.4, 10.004000000000001, 11.372, 0.0]]\n"
     ]
    }
   ],
   "source": [
    "## ABRIR DATASET ACTUALIZADO\n",
    "import pickle\n",
    "\n",
    "with open(\"dataset_actualizado.pkl\", \"rb\") as f:\n",
    "    datos = pickle.load(f)\n",
    "\n",
    "#print(datos);print(datos.keys());print(datos[\"data\"]);print(datos[\"distancias\"]);print(datos[\"tiempos\"]);print(datos[\"costes\"])\n"
   ]
  },
  {
   "cell_type": "code",
   "execution_count": null,
   "id": "9bf2fbc6",
   "metadata": {},
   "outputs": [
    {
     "name": "stdout",
     "output_type": "stream",
     "text": [
      "[0, 1, 2, 3, 4, 5, 6, 7, 8, 9, 10, -1]\n",
      "[1, 2, 3, 4]\n",
      "[6, 7, 8, 9, 10]\n",
      "0\n",
      "5\n",
      "-1\n"
     ]
    }
   ],
   "source": [
    "## CREAR EL CONJUNTO DE NODOS ##\n",
    "base_operativa_ficticia=-1\n",
    "N = [i for i,d in enumerate(datos[\"data\"]) if d['nodo']==\"carga\"] # nodos de carga\n",
    "F = [i for i,d in enumerate(datos[\"data\"]) if d['nodo']==\"cargador\"] # nodos cargador\n",
    "V = list(range(len(datos[\"data\"])))+[base_operativa_ficticia] # Nodos totales\n",
    "base_operativa = [i for i,d in enumerate(datos[\"data\"]) if d['nodo']==\"parking\"][0] \n",
    "descarga = [i for i,d in enumerate(datos[\"data\"]) if d['nodo']==\"descarga\"][0] \n",
    "\n",
    "print(V);print(N);print(F);print(base_operativa);print(descarga);print(base_operativa_ficticia)\n"
   ]
  },
  {
   "cell_type": "code",
   "execution_count": 6,
   "id": "e816ada1",
   "metadata": {},
   "outputs": [],
   "source": [
    "# CREACIÓN DE ARRAYS\n",
    "import numpy as np\n",
    "c = np.array(datos[\"costes\"])\n",
    "w = np.array([d[\"w\"] for d in datos[\"data\"]])\n",
    "tiempos = np.array(datos[\"tiempos\"])\n",
    "distancias=np.array(datos[\"distancias\"])"
   ]
  },
  {
   "cell_type": "code",
   "execution_count": 36,
   "id": "c69af530",
   "metadata": {},
   "outputs": [
    {
     "name": "stdout",
     "output_type": "stream",
     "text": [
      "Ruta: [0, 1, 3, 4, 2, 5, 0]\n",
      "Distancia recorrida: 141.32\n"
     ]
    }
   ],
   "source": [
    "# ALGORITMO VECINO MÁS PRÓXIMO \n",
    "no_visitados = N.copy()  \n",
    "ruta = [base_operativa] # La ruta comienza en la base operativa\n",
    "posicion = base_operativa # Posición actual del vehículo\n",
    "distancia_total = 0\n",
    "\n",
    "while no_visitados:\n",
    "    distancias_posibles = {c: distancias[posicion][c] for c in no_visitados}\n",
    "    if not distancias_posibles:\n",
    "        break \n",
    "\n",
    "    # Encontrar la distancia mínima\n",
    "    dist = min(distancias_posibles.values())\n",
    "    siguiente = min(distancias_posibles, key=distancias_posibles.get)\n",
    "    \n",
    "    # Actualizar la ruta\n",
    "    distancia_total += dist\n",
    "    ruta.append(siguiente)\n",
    "    \n",
    "    # Actualizar la posición\n",
    "    posicion = siguiente\n",
    "    no_visitados.remove(siguiente)\n",
    "\n",
    "# Ir a la descarga y volver a la base operativa\n",
    "ruta.append(descarga)\n",
    "distancia_total += distancias[posicion][descarga] \n",
    "ruta.append(base_operativa)\n",
    "distancia_total += distancias[descarga][base_operativa] \n",
    "print(\"Ruta:\",ruta) \n",
    "print(\"Distancia recorrida:\", distancia_total)"
   ]
  }
 ],
 "metadata": {
  "kernelspec": {
   "display_name": "base",
   "language": "python",
   "name": "python3"
  },
  "language_info": {
   "codemirror_mode": {
    "name": "ipython",
    "version": 3
   },
   "file_extension": ".py",
   "mimetype": "text/x-python",
   "name": "python",
   "nbconvert_exporter": "python",
   "pygments_lexer": "ipython3",
   "version": "3.13.5"
  }
 },
 "nbformat": 4,
 "nbformat_minor": 5
}
